Application	Panel_Maker	6/30/2024	5/31/2024	4/30/2024	3/31/2024	2/29/2024	1/31/2024	12/31/2023	11/30/2023	10/31/2023	9/30/2023	8/31/2023	7/31/2023	6/30/2023	5/31/2023	4/30/2023	3/31/2023	2/28/2023	1/31/2023	12/31/2022	11/30/2022	10/31/2022	9/30/2022	8/31/2022	7/31/2022
LCD Monitor	AUO	1993	1715	1760	1720	1725	1805	1809	1707	1746	2086	2095	1996	1960	2180	1990	1935	1622	1436	1762	1749	1317	1424.1	1433.2	1329.2
LCD Monitor	BOE Technology Group	4537	4624	3992	4031	3579	3745	4009	3394	3424	3634	3868	3830	3779	3519	3535	3494	2802	2635	3038	2863	2821	3197	2821	3611
LCD Monitor	CEC CHOT								2	3	8	5	10	11	8	10	12	63	51	54.5	57.3	66	73	46	13
LCD Monitor	CEC PANDA																								
LCD Monitor	CEC PANDA Gen 6																			200	300	200	228	240	200
LCD Monitor	CSOT	2613	2595	2507	2411	1960	2143	2230	2107	2167.99	2387	2335	2291	1979	1941	1896	1810	1862	1741.15	1657	1692	1486	1352	1285	1710
LCD Monitor	Century																								
LCD Monitor	Chunghwa Picture Tubes																								
LCD Monitor	HKC	1902.4	1946.7	1900.5	2024.94	1181.95	1973.07	1439.03	1505.13	1342.27	1476.7	1712.12	1753.49	2062	1983	1832	2029	1879	1438	1836	1652	1704	2176	1461	1337
LCD Monitor	Hannstar	1			1																				
LCD Monitor	Innolux	745.91	726.04	737.71	749.1	569.31	802.16	769.4	787.62	978.4	1004	1019.1	902	975.4	988.4	905.7	1068.33	1038.404	715.34	1027.11	1027.03	1015.3	1012	1217.5	1476.4
LCD Monitor	JOLED																								
LCD Monitor	LG Display	2187.1	3027	1867.8	2275.6	2785	1799	2679	2659	1874.1	2418.1	2587	2608	2502	2374	2431	1865.7	1797	1286.9	1658.3	1963.3	1538.5	1771.2	2357.3	2054.1
LCD Monitor	SDC																							32	
LCD TV	AUO	1455	1270	1275	1459	1190	1137	1316	1178	1158	1373	1390	1311	1410	1353	1269.8	1070.4	946.5	936	1068.4	992.2	841	824	890.3	880
LCD TV	BOE Technology Group	5007	5000	5000	5201	3545	4400	4500	3898	4005	4175	4701	5154	5436	5153	5093	5257	5104	4004	4886	5218	5195	5522	5325	5064
LCD TV	CEC CHOT	1216	1279	1262	1180	1095	1056	1176	1205	1155	1203	1295	1347	1321	1370	1355	1385	1390	1351	1345	1336	1364	1369	1420	1420
LCD TV	CEC PANDA																								
LCD TV	CEC PANDA Gen 6																			200	180	150	230	250	250
LCD TV	CSOT	3821.3	4448	4564	4588.3	2944	4009	3846	3584	3682.2	3831	4394	4402	4354	4082	3937	4008	3781	3593	3703	4144	4267	3908	3851	3633
LCD TV	HKC	2806	3260	3037	3910	2702	3100	2862	2627	2698.39	2555.85	3116.54	3628.25	3753	3529	3452	3657	3563	3212.9	2987.1	3594.5	3823	3967	4076	3747.4
LCD TV	Innolux	3378.12	3124.4	3584.1	3746.42	2254	2726	2724.8	2314.31	2647	3124	3027	3039	3322	3367	3150.22	3582.52	3278.4	2649.14	3794.42	3348.2	2772.4	2889.4	2961.3	2627.8
LCD TV	LG Display	1446.3	1353.5	1230.8	1464.7	968.3	873.3	975	887	901.1	882	813	782	824	808.4	685	941	879.5	750.5	2442.2	2331.3	2068.5	2041.1	1763.1	1749.6
LCD TV	Panasonic																								
LCD TV	SDC																			1167	375	516	342	110	11
LCD TV	Sharp	1366	1457	1443	1392	1561	1485	1214	1004	1496	1923	1779	1410	1575	1411	1303	1179	987	706	778	970	1222	1520	1060	865
Monitor Panel	JOLED																								
Monitor Panel	SDC																								
Notebook Panel	SDC																								
OLED Monitor	JOLED																0.46	0.3	0.2	0.2	0.1	0.1		0.3	0.3
OLED Monitor	Japan Display																								
OLED Monitor	LG Display	47.3	65.1	39.2	47.8	27.5	20.3	19.2	20	23	26	30	26	35	40	22.1	27	27	10	11	2.3	0.3			
OLED Monitor	SDC	114	151	87	114	96	48	51	78	114	62	81	38	20	51	28	33	13	11.4	20	9	15	13	6	20
OLED Portable PC	Everdisplay	150	175	200	124	0.4										4.5	7	3	1						
OLED Portable PC	LG Display	6	20	3	1.4																				
OLED Portable PC	SDC	700	459	303	400	339	450	992	387	312	217	270	223	240	252	229	243	215	425	354	420	367	494	348	270
OLED Portable PC	Visionox	30	26	27	45																				
OLED TV	LG Display	675.8	442.7	432.4	517.5	272.4	231.3	545.3	375.3	496.8	530.9	346.5	173.5	563.3	343.4	257.7	318.9	317.5	186	614.4	621.3	665.9	801.7	523.3	403.9
OLED TV	SDC	128	120	79	70	93	121	109	114	102	124	71	66	48	140	74	112	57	46	230.4	111	118	106	102	70
OLED Tablet	Everdisplay	250	145	119	140	200	200	150	180	43	11.5	8.3	16	53	20	171	172	109	97	169	215	239	174	180	232
OLED Tablet	LG Display	690	640	365	588	31	17																		
OLED Tablet	SDC	715	687	903	379	182	68	147	126	96	183	316	338	183	183	90	101	126	65	71	84	25	5	38	79
OLED Tablet	Visionox	55	47	52																					
Portable PC	AUO	3110	3682	2588	3332	2279.5	2916	2635	3766	3061.2	3885.5	4060.6	3259.3	4081	3475	2406	3202	2903.2	1819.4	3902.2	3016	2451	3348	2614	2325
Portable PC	BOE Technology Group	6634	6479	5408	5396	4953	5317	4920	4934	4904	5258	6687	5779	5894	6049	4638	4690	3988	3874	4918	4865	5103	4729	4828	5661
Portable PC	CEC PANDA																								
Portable PC	CSOT	1196	1168	886	924	755	868	754	855	816	970	779	590	563	446	319	364	373	329	358	360	580	300	505	330
Portable PC	Chunghwa Picture Tubes																								
Portable PC	HKC	458.5	502.43	458.52	632.9	273.02	332.8	354.82	290.7	245.3	276.8	185.63	259.3	800.2	324	304	191	123	181	110	237	105	48.6	166	165
Portable PC	Hannstar	53	25		41	17		16.3	70	150	185	7	5	42		105	75		45	75	66	19		60.4	30
Portable PC	InfoVision Optoelectronics	356	395	415	446	410	388	386	441	435	431	421	536	518	456	368	415	337	356	365	365	368	458	425	520
Portable PC	Innolux	3102	3414.01	2374.03	2864.28	1821	2383	2901	2899.1	2189	3466	3495	3118	3475	3244	2850.4	2771.9	2426.1	1871.4	2776.22	2201.11	2122.4	3179.2	2296.9	2085.5
Portable PC	Japan Display																								
Portable PC	LG Display	2968.2	2818	1466	2365.1	1796.1	1207.5	3252	2222.1	2298.7	2335.5	2125.5	1807	2921	2335	1874	2244.5	1322	1796	2394	1999	1597	2836	2659.5	3556.2
Portable PC	Panasonic																								
Portable PC	Sharp	381.7	301.4	380.4	315	155	154.9	380.9	495	521.8	771	797	609	421	363	403	311	245	153.6	366	442.6	564	927	993.7	1035
Portable PC	Tianma Micro-electronics	167	90.2	56.2	191	100	180	165	170	179	168	184	146	170	171	122	90	90	85	100	57	45	65	34	100
TV Panel	LG Display																								
TV Panel	SDC																								
Tablet	AUO	51	82	75	127	64	51	25	64	72	72	18	61	90	272	133	7	102	5	29	22	14	24	70	4
Tablet	BOE Technology Group	9318	8762	8026	8898	6382	6649	6552	6903	5402	5808	5977	6024	7125	7882	8153	9675	7373	4035	7797	6564	7555	7214	6230	7777
Tablet	CEC PANDA																								
Tablet	CSOT	999	950	731	681	611	719	639	474	327	372	399	315	312	440	405	377	345	282	329	346	204	405	370	425
Tablet	Century																								
Tablet	Chunghwa Picture Tubes																								
Tablet	HKC	79	651	112.5	718	754	842.6	1032	244	557	371	566	951	445	1449	1225	907	1233	652	1286	710	766	1131	595	704
Tablet	Hannstar	315	635	339	350	774	1096	522	1135	1127	450	1236	936	943	1271	3525	1418	721	723	937	1398	891	306	1733	1616
Tablet	InfoVision Optoelectronics	98	146	141	125	116	74	53	99	89	69	52.6	77.03	99	220	206	200	114		75	38	102	31	10	40
Tablet	Innolux	1849	2701	2714	2592	1725	1695	1455	1404	1978	1991	1680	1327	3211	3559	2839	3215	3258	2319	2585	2172	2130	2192	1797	1268
Tablet	LG Display	2937	2089	1691	2742	1183	1456	3673	2381.5	1619	2795	1994	1176	2583	1619	1458	2720	1143	2153	2414.5	3032	2454	3180	2643	2708
Tablet	Panasonic																								
Tablet	Sharp	383.1	290.1	268.2	505	200.6	736.7	445	547	546	677	375	348	954	853	769	775	425	563.4	1353	1888.5	1980	1897	1208.4	709
Tablet	Tianma Micro-electronics	356	285	282	291	247	323	476	316	264	323	357	330	427	367	320	487	323	185	354	234	264	187	244	120
